22 22 22 22 22 22 22 22 22 22 22 22 22 22 22 21
22 22 22 22 22 22 22 22 22 22 22 22 22 22 22 21
22 22 22 22 22 22 22 22 22 22 22 22 22 22 22 21
22 22 22 22 22 22 22 22 22 22 22 22 22 22 22 21
22 22 22 22 22 22 22 22 22 22 22 22 22 22 22 21
22 22 22 22 22 22 22 22 22 22 22 22 22 22 22 21
22 22 22 22 22 22 22 22 22 22 22 22 22 22 22 21
22 22 22 22 22 22 22 22 22 22 22 22 22 22 22 21
22 22 22 22 22 22 22 22 22 22 22 22 22 22 22 21
22 22 22 22 22 22 22 22 22 22 22 22 22 22 22 21
22 22 22 22 22 22 22 22 22 22 22 22 22 22 22 21
22 22 22 22 22 22 22 22 22 22 22 22 22 22 22 21
22 22 22 22 22 22 22 22 22 22 22 22 22 22 22 21
22 22 22 22 22 22 22 22 22 22 22 22 22 22 22 21
22 22 22 22 22 22 22 22 22 22 22 22 22 22 22 21
20 20 20 20 20 20 20 20 20 20 20 20 20 20 20 20